# truncated from plateUrl='https://raw.githubusercontent.com/dhasterok/global_tectonics/refs/heads/main/plates%26provinces/gmt/boundaries.gmt'
# after Bird 2002
# @D48|"San Andreas Fault"|"dextral transform"||"California Borderland"|"Sierra Nevada"|1|1090.320945918028883
-124.416 40.3107
-124.163 39.9142
-123.89 39.4388
-123.597 38.9971
-123.305 38.5406
-122.696 37.874
-122.38 37.527
-122.005 37.2048
-121.305 36.6983
-120.897 36.3377
-120.438 35.9102
-119.936 35.4502
-119.627174929235 35.1476697610347
-119.329 34.9812
-118.912 34.8373
-118.6823 34.7768
-118.4321 34.7085
-118.1875 34.5902
-117.9884 34.5174
-117.7552 34.4674
-117.454678848749 34.2588757168935
-117.238288416174 34.138449737026
-116.9988 33.9942
-116.7883 33.9578
-116.6037 33.9593
-116.4698 33.9623
-116.2594 33.9123
-116.049 33.7621
